1 507 main 
1 514 ( 
1 507 b 
1 515 ) 
1 512 { 
2 525 int 
2 507 a 
2 508 ; 
3 525 int 
3 507 b 
3 508 ; 
4 525 int 
4 507 c 
4 508 ; 
5 525 int 
5 507 d 
5 508 ; 
6 507 a 
6 506 = 
6 507 b 
6 518 + 
6 507 c 
6 519 - 
6 507 a 
6 508 ; 
7 507 d 
7 506 = 
7 523 1 
7 518 + 
7 523 2 
7 519 - 
7 523 3 
7 508 ; 
8 507 b 
8 506 = 
8 523 10 
8 518 + 
8 523 14 
8 508 ; 
9 530 printf 
9 514 ( 
9 507 c 
9 515 ) 
9 508 ; 
10 510 if 
10 514 ( 
10 523 5 
10 517 < 
10 523 6 
10 515 ) 
10 512 { 
11 507 c 
11 506 = 
11 523 1 
11 518 + 
11 523 2 
11 508 ; 
12 513 Indice1 
16 513 Indice3 
